1.8542e+00 74 2.1394e-01 1.0697e-02
1.8581e+00 74 2.1654e-01 1.0827e-02
1.8630e+00 74 2.1588e-01 1.0794e-02
1.8659e+00 74 2.0805e-01 1.0403e-02
1.8689e+00 74 2.1457e-01 1.0729e-02
1.8698e+00 74 2.1000e-01 1.0500e-02
1.8738e+00 74 2.1391e-01 1.0696e-02
1.8747e+00 74 2.0673e-01 1.0337e-02
1.8787e+00 74 2.0803e-01 1.0402e-02
1.8796e+00 74 2.0542e-01 1.0271e-02
1.8836e+00 74 2.0737e-01 1.0369e-02
1.8865e+00 74 2.0541e-01 1.0271e-02
1.8934e+00 74 2.0866e-01 1.0433e-02
1.8992e+00 74 2.0213e-01 1.0107e-02
1.8992e+00 74 2.0669e-01 1.0334e-02
1.9041e+00 74 2.0603e-01 1.0302e-02
1.9071e+00 74 2.0407e-01 1.0204e-02
1.9129e+00 74 1.9819e-01 9.9095e-03
1.9129e+00 74 2.0341e-01 1.0171e-02
1.9169e+00 74 2.0275e-01 1.0138e-02
1.9178e+00 74 1.9818e-01 9.9090e-03
1.9218e+00 74 2.0144e-01 1.0072e-02
1.9257e+00 74 1.9687e-01 9.8435e-03
1.9286e+00 74 2.0404e-01 1.0202e-02
1.9296e+00 74 2.0077e-01 1.0039e-02
1.9345e+00 74 2.0077e-01 1.0039e-02
1.9394e+00 74 2.0272e-01 1.0136e-02
1.9443e+00 74 2.0140e-01 1.0070e-02
1.9453e+00 74 1.9814e-01 9.9070e-03
1.9462e+00 74 1.9292e-01 9.6460e-03
1.9492e+00 74 1.9879e-01 9.9395e-03
1.9502e+00 74 1.9357e-01 9.6785e-03
1.9511e+00 74 1.8900e-01 9.4500e-03
1.9570e+00 74 1.9225e-01 9.6125e-03
1.9599e+00 74 1.8898e-01 9.4490e-03
1.9648e+00 74 1.8767e-01 9.3835e-03
1.9658e+00 74 1.9158e-01 9.5790e-03
1.9707e+00 74 1.8701e-01 9.3505e-03
1.9756e+00 74 1.8374e-01 9.1870e-03
1.9805e+00 74 1.8699e-01 9.3495e-03
1.9844e+00 74 1.8568e-01 9.2840e-03
1.9883e+00 74 1.8307e-01 9.1535e-03
1.9903e+00 74 1.8633e-01 9.3165e-03
1.9933e+00 74 1.9024e-01 9.5120e-03
1.9952e+00 74 1.8306e-01 9.1530e-03
2.0001e+00 74 1.8109e-01 9.0545e-03
2.0050e+00 74 1.7717e-01 8.8585e-03
2.0070e+00 74 1.8173e-01 9.0865e-03
2.0138e+00 74 1.8172e-01 9.0860e-03
2.0158e+00 74 1.7911e-01 8.9555e-03
2.0207e+00 74 1.8236e-01 9.1180e-03
2.0216e+00 74 1.7845e-01 8.9225e-03
2.0275e+00 74 1.7713e-01 8.8565e-03
2.0295e+00 74 1.8431e-01 9.2155e-03
2.0354e+00 74 1.8169e-01 9.0845e-03
2.0373e+00 74 1.7647e-01 8.8235e-03
2.0413e+00 74 1.8038e-01 9.0190e-03
2.0461e+00 74 1.7254e-01 8.6270e-03
2.0510e+00 74 1.7579e-01 8.7895e-03
2.0559e+00 74 1.7644e-01 8.8220e-03
2.0599e+00 74 1.7904e-01 8.9520e-03
2.0628e+00 74 1.7447e-01 8.7235e-03
2.0677e+00 74 1.7250e-01 8.6250e-03
2.0677e+00 74 1.7511e-01 8.7555e-03
2.0726e+00 74 1.6793e-01 8.3965e-03
2.0794e+00 74 1.6988e-01 8.4940e-03
2.0824e+00 74 1.7248e-01 8.6240e-03
2.0853e+00 74 1.6856e-01 8.4280e-03
2.0873e+00 74 1.6399e-01 8.1995e-03
2.0922e+00 74 1.6464e-01 8.2320e-03
2.0941e+00 74 1.6790e-01 8.3950e-03
2.0961e+00 74 1.6202e-01 8.1010e-03
2.1020e+00 74 1.6201e-01 8.1005e-03
2.1030e+00 74 1.7441e-01 8.7205e-03
2.1039e+00 74 1.6658e-01 8.3290e-03
2.1059e+00 74 1.6918e-01 8.4590e-03
2.1118e+00 74 1.6395e-01 8.1975e-03
2.1137e+00 74 1.6721e-01 8.3605e-03
2.1167e+00 74 1.6917e-01 8.4585e-03
2.1186e+00 74 1.6329e-01 8.1645e-03
2.1186e+00 74 1.6655e-01 8.3275e-03
2.1235e+00 74 1.6459e-01 8.2295e-03
2.1264e+00 74 1.5871e-01 7.9355e-03
2.1284e+00 74 1.6719e-01 8.3595e-03
2.1313e+00 74 1.5870e-01 7.9350e-03
2.1343e+00 74 1.6066e-01 8.0330e-03
2.1363e+00 74 1.6326e-01 8.1630e-03
2.1392e+00 74 1.6130e-01 8.0650e-03
2.1421e+00 74 1.5673e-01 7.8365e-03
2.1421e+00 74 1.5999e-01 7.9995e-03
2.1421e+00 74 1.6325e-01 8.1625e-03
2.1500e+00 74 1.5737e-01 7.8685e-03
2.1519e+00 74 1.5476e-01 7.7380e-03
2.1539e+00 74 1.6063e-01 8.0315e-03
2.1568e+00 74 1.5671e-01 7.8355e-03
2.1617e+00 74 1.5540e-01 7.7700e-03
2.1627e+00 74 1.5083e-01 7.5415e-03
2.1637e+00 74 1.4887e-01 7.4435e-03
2.1666e+00 74 1.5604e-01 7.8020e-03
2.1686e+00 74 1.5082e-01 7.5410e-03
2.1695e+00 74 1.4755e-01 7.3775e-03
2.1764e+00 74 1.4689e-01 7.3445e-03
2.1813e+00 74 1.4884e-01 7.4420e-03
2.1842e+00 74 1.4623e-01 7.3115e-03
2.1891e+00 74 1.4165e-01 7.0825e-03
2.1960e+00 74 1.4229e-01 7.1145e-03
2.1979e+00 74 1.3838e-01 6.9190e-03
2.2038e+00 74 1.4163e-01 7.0815e-03
2.2068e+00 74 1.4554e-01 7.2770e-03
2.2087e+00 74 1.3771e-01 6.8855e-03
2.2136e+00 74 1.3639e-01 6.8195e-03
2.2136e+00 74 1.3966e-01 6.9830e-03
2.2155e+00 74 1.3117e-01 6.5585e-03
2.2195e+00 74 1.3508e-01 6.7540e-03
2.2204e+00 74 1.2725e-01 6.3625e-03
2.2234e+00 74 1.2920e-01 6.4600e-03
2.2254e+00 74 1.3768e-01 6.8840e-03
2.2283e+00 74 1.2985e-01 6.4925e-03
2.2302e+00 74 1.2658e-01 6.3290e-03
2.2371e+00 74 1.2657e-01 6.3285e-03
2.2410e+00 74 1.3113e-01 6.5565e-03
2.2420e+00 74 1.2722e-01 6.3610e-03
2.2459e+00 74 1.2395e-01 6.1975e-03
2.2478e+00 74 1.2199e-01 6.0995e-03
2.2508e+00 74 1.2655e-01 6.3275e-03
2.2527e+00 74 1.2198e-01 6.0990e-03
2.2547e+00 74 1.1806e-01 5.9030e-03
2.2625e+00 74 1.2001e-01 6.0005e-03
2.2645e+00 74 1.1674e-01 5.8370e-03
2.2684e+00 74 1.1608e-01 5.8040e-03
2.2723e+00 74 1.1803e-01 5.9015e-03
2.2762e+00 74 1.1607e-01 5.8035e-03
2.2802e+00 74 1.1672e-01 5.8360e-03
2.2821e+00 74 1.1345e-01 5.6725e-03
2.2851e+00 74 1.1606e-01 5.8030e-03
2.2870e+00 74 1.1214e-01 5.6070e-03
2.2929e+00 74 1.0887e-01 5.4435e-03
2.2958e+00 74 1.1082e-01 5.5410e-03
2.3007e+00 74 1.0886e-01 5.4430e-03
2.3017e+00 74 1.0429e-01 5.2145e-03
2.3076e+00 74 1.0754e-01 5.3770e-03
2.3095e+00 74 1.0428e-01 5.2140e-03
2.3135e+00 74 1.0688e-01 5.3440e-03
2.3174e+00 74 1.0426e-01 5.2130e-03
2.3223e+00 74 1.1469e-01 5.7345e-03
2.3233e+00 74 1.0947e-01 5.4735e-03
2.3233e+00 74 1.1991e-01 5.9955e-03
2.3273e+00 74 1.5122e-01 7.5610e-03
2.3324e+00 74 2.0406e-01 1.0203e-02
2.3353e+00 74 1.7535e-01 8.7675e-03
2.3391e+00 74 1.4468e-01 7.2340e-03
2.3400e+00 74 1.3685e-01 6.8425e-03
2.3449e+00 74 1.2640e-01 6.3200e-03
2.3458e+00 74 1.1922e-01 5.9610e-03
2.3537e+00 74 1.1334e-01 5.6670e-03
2.3595e+00 74 1.1398e-01 5.6990e-03
2.3615e+00 74 1.1137e-01 5.5685e-03
2.3664e+00 74 1.1071e-01 5.5355e-03
2.3703e+00 74 1.1788e-01 5.8940e-03
2.3723e+00 74 1.1592e-01 5.7960e-03
2.3762e+00 74 1.1787e-01 5.8935e-03
2.3811e+00 74 1.2178e-01 6.0890e-03
2.3831e+00 74 1.1721e-01 5.8605e-03
2.3890e+00 74 1.2046e-01 6.0230e-03
2.3909e+00 74 1.1850e-01 5.9250e-03
2.3958e+00 74 1.2110e-01 6.0550e-03
2.3968e+00 74 1.2502e-01 6.2510e-03
2.4027e+00 74 1.2174e-01 6.0870e-03
2.4076e+00 74 1.1978e-01 5.9890e-03
2.4125e+00 74 1.1716e-01 5.8580e-03
2.4154e+00 74 1.2107e-01 6.0535e-03
2.4184e+00 74 1.2302e-01 6.1510e-03
2.4233e+00 74 1.2171e-01 6.0855e-03
2.4253e+00 74 1.3084e-01 6.5420e-03
2.4262e+00 74 1.2693e-01 6.3465e-03
2.4302e+00 74 1.3084e-01 6.5420e-03
2.4321e+00 74 1.2561e-01 6.2805e-03
2.4341e+00 74 1.3409e-01 6.7045e-03
2.4370e+00 74 1.3082e-01 6.5410e-03
2.4400e+00 74 1.3539e-01 6.7695e-03
2.4400e+00 74 1.3995e-01 6.9975e-03
2.4449e+00 74 1.3799e-01 6.8995e-03
2.4478e+00 74 1.3537e-01 6.7685e-03
2.4488e+00 74 1.3994e-01 6.9970e-03
2.4488e+00 74 1.4385e-01 7.1925e-03
2.4567e+00 74 1.4254e-01 7.1270e-03
2.4607e+00 74 1.6993e-01 8.4965e-03
2.4637e+00 74 2.0124e-01 1.0062e-02
2.4648e+00 74 2.1625e-01 1.0812e-02
2.4687e+00 74 2.0711e-01 1.0356e-02
2.4705e+00 74 1.7774e-01 8.8870e-03
2.4724e+00 74 1.6600e-01 8.3000e-03
2.4763e+00 74 1.6273e-01 8.1365e-03
2.4773e+00 74 1.6795e-01 8.3975e-03
2.4783e+00 74 1.5751e-01 7.8755e-03
2.4832e+00 74 1.5359e-01 7.6795e-03
2.4880e+00 74 1.4705e-01 7.3525e-03
2.4900e+00 74 1.5227e-01 7.6135e-03
2.4949e+00 74 1.4704e-01 7.3520e-03
2.4949e+00 74 1.5292e-01 7.6460e-03
2.4998e+00 74 1.4899e-01 7.4495e-03
2.5008e+00 74 1.5291e-01 7.6455e-03
2.5027e+00 74 1.4312e-01 7.1560e-03
2.5047e+00 74 1.4638e-01 7.3190e-03
2.5057e+00 74 1.3855e-01 6.9275e-03
2.5125e+00 74 1.4180e-01 7.0900e-03
2.5155e+00 74 1.3984e-01 6.9920e-03
2.5204e+00 74 1.4113e-01 7.0565e-03
2.5223e+00 74 1.3787e-01 6.8935e-03
2.5302e+00 74 1.3590e-01 6.7950e-03
2.5321e+00 74 1.3981e-01 6.9905e-03
2.5351e+00 74 1.4894e-01 7.4470e-03
2.5370e+00 74 1.4306e-01 7.1530e-03
2.5429e+00 74 1.4566e-01 7.2830e-03
2.5478e+00 74 1.4957e-01 7.4785e-03
2.5508e+00 74 1.4500e-01 7.2500e-03
2.5547e+00 74 1.4108e-01 7.0540e-03
2.5576e+00 74 1.4499e-01 7.2495e-03
2.5645e+00 74 1.4237e-01 7.1185e-03
2.5684e+00 74 1.4432e-01 7.2160e-03
2.5694e+00 74 1.4236e-01 7.1180e-03
2.5752e+00 74 1.4039e-01 7.0195e-03
2.5772e+00 74 1.4300e-01 7.1500e-03
2.5831e+00 74 1.4625e-01 7.3125e-03
2.5890e+00 74 1.4363e-01 7.1815e-03
2.5929e+00 74 1.4037e-01 7.0185e-03
2.5949e+00 74 1.4362e-01 7.1810e-03
2.5988e+00 74 1.4036e-01 7.0180e-03
2.6047e+00 74 1.4491e-01 7.2455e-03
2.6115e+00 74 1.4229e-01 7.1145e-03
2.6144e+00 74 1.3772e-01 6.8860e-03
2.6174e+00 74 1.4228e-01 7.1140e-03
2.6203e+00 74 1.4489e-01 7.2445e-03
2.6223e+00 74 1.3836e-01 6.9180e-03
2.6253e+00 74 1.4814e-01 7.4070e-03
2.6301e+00 74 1.4487e-01 7.2435e-03
2.6311e+00 74 1.4161e-01 7.0805e-03
2.6350e+00 74 1.3639e-01 6.8195e-03
2.6350e+00 74 1.4291e-01 7.1455e-03
2.6409e+00 74 1.4094e-01 7.0470e-03
2.6458e+00 74 1.3963e-01 6.9815e-03
2.6458e+00 74 1.4615e-01 7.3075e-03
2.6497e+00 74 1.4158e-01 7.0790e-03
2.6507e+00 74 1.4549e-01 7.2745e-03
2.6547e+00 74 1.4745e-01 7.3725e-03
2.6586e+00 74 1.4613e-01 7.3065e-03
2.6605e+00 74 1.3830e-01 6.9150e-03
2.6635e+00 74 1.4221e-01 7.1105e-03
2.6664e+00 74 1.4417e-01 7.2085e-03
2.6713e+00 74 1.4220e-01 7.1100e-03
2.6752e+00 74 1.3958e-01 6.9790e-03
2.6801e+00 74 1.4284e-01 7.1420e-03
2.6801e+00 74 1.4545e-01 7.2725e-03
2.6870e+00 74 1.3761e-01 6.8805e-03
2.6870e+00 74 1.4218e-01 7.1090e-03
2.6919e+00 74 1.4347e-01 7.1735e-03
2.6938e+00 74 1.4151e-01 7.0755e-03
2.6948e+00 74 1.4543e-01 7.2715e-03
2.6997e+00 74 1.4672e-01 7.3360e-03
2.7017e+00 74 1.4215e-01 7.1075e-03
2.7026e+00 74 1.3758e-01 6.8790e-03
2.7056e+00 74 1.4345e-01 7.1725e-03
2.7105e+00 74 1.4475e-01 7.2375e-03
2.7134e+00 74 1.4083e-01 7.0415e-03
2.7164e+00 74 1.3822e-01 6.9110e-03
2.7183e+00 74 1.4213e-01 7.1065e-03
2.7232e+00 74 1.4081e-01 7.0405e-03
2.7262e+00 74 1.3885e-01 6.9425e-03
2.7271e+00 74 1.3624e-01 6.8120e-03
2.7320e+00 74 1.3558e-01 6.7790e-03
2.7379e+00 74 1.3883e-01 6.9415e-03
2.7429e+00 74 1.4274e-01 7.1370e-03
2.7458e+00 74 1.3817e-01 6.9085e-03
2.7526e+00 74 1.3751e-01 6.8755e-03
2.7575e+00 74 1.3424e-01 6.7120e-03
2.7585e+00 74 1.3684e-01 6.8420e-03
2.7605e+00 74 1.4076e-01 7.0380e-03
2.7634e+00 74 1.3684e-01 6.8420e-03
2.7683e+00 74 1.3683e-01 6.8415e-03
2.7732e+00 74 1.3747e-01 6.8735e-03
2.7761e+00 74 1.3551e-01 6.7755e-03
2.7781e+00 74 1.3225e-01 6.6125e-03
2.7801e+00 74 1.3812e-01 6.9060e-03
2.7810e+00 74 1.3550e-01 6.7750e-03
2.7889e+00 74 1.3484e-01 6.7420e-03
2.7938e+00 74 1.3744e-01 6.8720e-03
2.7997e+00 74 1.3417e-01 6.7085e-03
2.8036e+00 74 1.3677e-01 6.8385e-03
2.8065e+00 74 1.3351e-01 6.6755e-03
2.8105e+00 74 1.4068e-01 7.0340e-03
2.8134e+00 74 1.3545e-01 6.7725e-03
2.8183e+00 74 1.3545e-01 6.7725e-03
2.8183e+00 74 1.3871e-01 6.9355e-03
2.8202e+00 74 1.3349e-01 6.6745e-03
2.8242e+00 74 1.3544e-01 6.7720e-03
2.8281e+00 74 1.3282e-01 6.6410e-03
2.8291e+00 74 1.3608e-01 6.8040e-03
2.8349e+00 74 1.3020e-01 6.5100e-03
2.8379e+00 74 1.3346e-01 6.6730e-03
2.8398e+00 74 1.2889e-01 6.4445e-03
2.8438e+00 74 1.3345e-01 6.6725e-03
2.8477e+00 74 1.3866e-01 6.9330e-03
2.8497e+00 74 1.3605e-01 6.8025e-03
2.8575e+00 74 1.3538e-01 6.7690e-03
2.8624e+00 74 1.3472e-01 6.7360e-03
2.8643e+00 74 1.3015e-01 6.5075e-03
2.8673e+00 74 1.3406e-01 6.7030e-03
2.8712e+00 74 1.3080e-01 6.5400e-03
2.8751e+00 74 1.3275e-01 6.6375e-03
2.8810e+00 74 1.3404e-01 6.7020e-03
2.8849e+00 74 1.2816e-01 6.4080e-03
2.8849e+00 74 1.3208e-01 6.6040e-03
2.8898e+00 74 1.3207e-01 6.6035e-03
2.8977e+00 74 1.2880e-01 6.4400e-03
2.9006e+00 74 1.3271e-01 6.6355e-03
2.9045e+00 74 1.3401e-01 6.7005e-03
2.9065e+00 74 1.3009e-01 6.5045e-03
2.9094e+00 74 1.3400e-01 6.7000e-03
2.9114e+00 74 1.3008e-01 6.5040e-03
2.9153e+00 74 1.3203e-01 6.6015e-03
2.9192e+00 74 1.2876e-01 6.4380e-03
2.9231e+00 74 1.2680e-01 6.3400e-03
2.9251e+00 74 1.3136e-01 6.5680e-03
2.9300e+00 74 1.2744e-01 6.3720e-03
2.9349e+00 74 1.3004e-01 6.5020e-03
2.9368e+00 74 1.2678e-01 6.3390e-03
2.9408e+00 74 1.3199e-01 6.5995e-03
2.9437e+00 74 1.2742e-01 6.3710e-03
2.9476e+00 74 1.2937e-01 6.4685e-03
2.9525e+00 74 1.2545e-01 6.2725e-03
2.9555e+00 74 1.2805e-01 6.4025e-03
2.9594e+00 74 1.2544e-01 6.2720e-03
2.9633e+00 74 1.2348e-01 6.1740e-03
2.9672e+00 74 1.2804e-01 6.4020e-03
2.9721e+00 74 1.2999e-01 6.4995e-03
2.9741e+00 74 1.2476e-01 6.2380e-03
2.9780e+00 74 1.3193e-01 6.5965e-03
2.9819e+00 74 1.2801e-01 6.4005e-03
2.9859e+00 74 1.2735e-01 6.3675e-03
1.8556e+00 113 1.1255e-01 5.6275e-03
1.8565e+00 113 1.0859e-01 5.4295e-03
1.8605e+00 113 1.0991e-01 5.4955e-03
1.8634e+00 113 1.1189e-01 5.5945e-03
1.8673e+00 113 1.1124e-01 5.5620e-03
1.8713e+00 113 1.0860e-01 5.4300e-03
1.8742e+00 113 1.0992e-01 5.4960e-03
1.8811e+00 113 1.1124e-01 5.5620e-03
1.8850e+00 113 1.0860e-01 5.4300e-03
1.8958e+00 113 1.0531e-01 5.2655e-03
1.8958e+00 113 1.0861e-01 5.4305e-03
1.9036e+00 113 1.0267e-01 5.1335e-03
1.9056e+00 113 1.0795e-01 5.3975e-03
1.9144e+00 113 1.0334e-01 5.1670e-03
1.9174e+00 113 1.0664e-01 5.3320e-03
1.9223e+00 113 1.0466e-01 5.2330e-03
1.9272e+00 113 1.0268e-01 5.1340e-03
1.9281e+00 113 1.0532e-01 5.2660e-03
1.9321e+00 113 1.0995e-01 5.4975e-03
1.9350e+00 113 1.0467e-01 5.2335e-03
1.9399e+00 113 1.0731e-01 5.3655e-03
1.9448e+00 113 1.0401e-01 5.2005e-03
1.9458e+00 113 1.0732e-01 5.3660e-03
1.9468e+00 113 9.9390e-02 4.9695e-03
1.9536e+00 113 9.9393e-02 4.9697e-03
1.9576e+00 113 1.0204e-01 5.1020e-03
1.9605e+00 113 9.8076e-02 4.9038e-03
1.9664e+00 113 1.0270e-01 5.1350e-03
1.9703e+00 113 1.0469e-01 5.2345e-03
1.9713e+00 113 1.0138e-01 5.0690e-03
1.9752e+00 113 9.8084e-02 4.9042e-03
1.9831e+00 113 1.0007e-01 5.0035e-03
1.9880e+00 113 9.5449e-02 4.7725e-03
1.9880e+00 113 9.9412e-02 4.9706e-03
1.9939e+00 113 1.0074e-01 5.0370e-03
1.9939e+00 113 9.4131e-02 4.7066e-03
1.9988e+00 113 9.8757e-02 4.9379e-03
2.0007e+00 113 9.4795e-02 4.7398e-03
2.0056e+00 113 9.8100e-02 4.9050e-03
2.0086e+00 113 9.5460e-02 4.7730e-03
2.0135e+00 113 9.8104e-02 4.9052e-03
2.0203e+00 113 9.8108e-02 4.9054e-03
2.0223e+00 113 9.4806e-02 4.7403e-03
2.0262e+00 113 9.5469e-02 4.7734e-03
2.0272e+00 113 9.8111e-02 4.9056e-03
2.0321e+00 113 9.4151e-02 4.7076e-03
2.0331e+00 113 9.6794e-02 4.8397e-03
2.0370e+00 113 9.4814e-02 4.7407e-03
2.0409e+00 113 9.6798e-02 4.8399e-03
2.0458e+00 113 9.3498e-02 4.6749e-03
2.0507e+00 113 9.5482e-02 4.7741e-03
2.0537e+00 113 9.2842e-02 4.6421e-03
2.0586e+00 113 9.2184e-02 4.6092e-03
2.0596e+00 113 9.5487e-02 4.7744e-03
2.0645e+00 113 9.1526e-02 4.5763e-03
2.0713e+00 113 9.0869e-02 4.5435e-03
2.0772e+00 113 9.0212e-02 4.5106e-03
2.0841e+00 113 9.2197e-02 4.6099e-03
2.0870e+00 113 8.8236e-02 4.4118e-03
2.0949e+00 113 8.9561e-02 4.4781e-03
2.0988e+00 113 8.8242e-02 4.4121e-03
2.0988e+00 113 9.4847e-02 4.7424e-03
2.1027e+00 113 8.9565e-02 4.4783e-03
2.1047e+00 113 8.7585e-02 4.3792e-03
2.1076e+00 113 8.9568e-02 4.4784e-03
2.1135e+00 113 8.6268e-02 4.3134e-03
2.1145e+00 113 9.2213e-02 4.6106e-03
2.1204e+00 113 9.1556e-02 4.5778e-03
2.1223e+00 113 8.6273e-02 4.3136e-03
2.1253e+00 113 9.0238e-02 4.5119e-03
2.1282e+00 113 8.4295e-02 4.2148e-03
2.1341e+00 113 8.7600e-02 4.3800e-03
2.1351e+00 113 8.4298e-02 4.2149e-03
2.1361e+00 113 9.0243e-02 4.5122e-03
2.1380e+00 113 8.6281e-02 4.3141e-03
2.1410e+00 113 8.3641e-02 4.1821e-03
2.1439e+00 113 8.4964e-02 4.2482e-03
2.1508e+00 113 8.2986e-02 4.1493e-03
2.1518e+00 113 8.6949e-02 4.3475e-03
2.1577e+00 113 8.6292e-02 4.3146e-03
2.1645e+00 113 8.4314e-02 4.2157e-03
2.1665e+00 113 8.0352e-02 4.0176e-03
2.1694e+00 113 8.4977e-02 4.2489e-03
2.1734e+00 113 8.3658e-02 4.1829e-03
2.1753e+00 113 8.5641e-02 4.2821e-03
2.1792e+00 113 7.7056e-02 3.8528e-03
2.1792e+00 113 8.1019e-02 4.0510e-03
2.1832e+00 113 8.4984e-02 4.2492e-03
2.1890e+00 113 8.3006e-02 4.1503e-03
2.1910e+00 113 7.8384e-02 3.9192e-03
2.1979e+00 113 7.5085e-02 3.7542e-03
2.1998e+00 113 8.0370e-02 4.0185e-03
2.2057e+00 113 8.2354e-02 4.1177e-03
2.2087e+00 113 7.9053e-02 3.9527e-03
2.2106e+00 113 7.5092e-02 3.7546e-03
2.2155e+00 113 7.7736e-02 3.8868e-03
2.2175e+00 113 7.4435e-02 3.7218e-03
2.2234e+00 113 7.6419e-02 3.8210e-03
2.2293e+00 113 7.5101e-02 3.7551e-03
2.2312e+00 113 7.9065e-02 3.9533e-03
2.2351e+00 113 7.5105e-02 3.7553e-03
2.2410e+00 113 7.4447e-02 3.7224e-03
2.2450e+00 113 7.7752e-02 3.8876e-03
2.2479e+00 113 7.5111e-02 3.7556e-03
2.2557e+00 113 7.5115e-02 3.7557e-03
2.2597e+00 113 7.5117e-02 3.7559e-03
2.2626e+00 113 7.7761e-02 3.8880e-03
2.2675e+00 113 7.5782e-02 3.7891e-03
2.2734e+00 113 7.9088e-02 3.9544e-03
2.2753e+00 113 8.3712e-02 4.1856e-03
2.2793e+00 113 7.9091e-02 3.9545e-03
2.2822e+00 113 8.2395e-02 4.1198e-03
2.2861e+00 113 8.7020e-02 4.3510e-03
2.2901e+00 113 8.1738e-02 4.0869e-03
2.2959e+00 113 8.5044e-02 4.2522e-03
2.3028e+00 113 8.7029e-02 4.3514e-03
2.3077e+00 113 8.7032e-02 4.3516e-03
2.3087e+00 113 9.0995e-02 4.5497e-03
2.3136e+00 113 9.2319e-02 4.6160e-03
2.3185e+00 113 9.3642e-02 4.6821e-03
2.3204e+00 113 1.0091e-01 5.0455e-03
2.3224e+00 113 1.0751e-01 5.3755e-03
2.3273e+00 113 1.4649e-01 7.3245e-03
2.3322e+00 113 1.3064e-01 6.5320e-03
2.3381e+00 113 1.1479e-01 5.7395e-03
2.3400e+00 113 1.1215e-01 5.6075e-03
2.3420e+00 113 1.0819e-01 5.4095e-03
2.3430e+00 113 1.0488e-01 5.2440e-03
2.3469e+00 113 1.0555e-01 5.2775e-03
2.3508e+00 113 1.0489e-01 5.2445e-03
2.3567e+00 113 1.0753e-01 5.3765e-03
2.3606e+00 113 1.1150e-01 5.5750e-03
2.3655e+00 113 1.1414e-01 5.7070e-03
2.3675e+00 113 1.1084e-01 5.5420e-03
2.3744e+00 113 1.1150e-01 5.5750e-03
2.3773e+00 113 1.1613e-01 5.8065e-03
2.3842e+00 113 1.1811e-01 5.9055e-03
2.3891e+00 113 1.1944e-01 5.9720e-03
2.3950e+00 113 1.1812e-01 5.9060e-03
2.3959e+00 113 1.2208e-01 6.1040e-03
2.4028e+00 113 1.2011e-01 6.0055e-03
2.4028e+00 113 1.2407e-01 6.2035e-03
2.4097e+00 113 1.2341e-01 6.1705e-03
2.4155e+00 113 1.2408e-01 6.2040e-03
2.4205e+00 113 1.2012e-01 6.0060e-03
2.4214e+00 113 1.2342e-01 6.1710e-03
2.4263e+00 113 1.2408e-01 6.2040e-03
2.4312e+00 113 1.2210e-01 6.1050e-03
2.4312e+00 113 1.2474e-01 6.2370e-03
2.4352e+00 113 1.2739e-01 6.3695e-03
2.4361e+00 113 1.1946e-01 5.9730e-03
2.4361e+00 113 1.2475e-01 6.2375e-03
2.4410e+00 113 1.2541e-01 6.2705e-03
2.4450e+00 113 1.2013e-01 6.0065e-03
2.4450e+00 113 1.2211e-01 6.1055e-03
2.4489e+00 113 1.2079e-01 6.0395e-03
2.4567e+00 113 1.1947e-01 5.9735e-03
2.4607e+00 113 1.1948e-01 5.9740e-03
2.4636e+00 113 1.2806e-01 6.4030e-03
2.4646e+00 113 1.3335e-01 6.6675e-03
2.4665e+00 113 1.3995e-01 6.9975e-03
2.4714e+00 113 1.3599e-01 6.7995e-03
2.4773e+00 113 1.3732e-01 6.8660e-03
2.4783e+00 113 1.3270e-01 6.6350e-03
2.4842e+00 113 1.3138e-01 6.5690e-03
2.4891e+00 113 1.3270e-01 6.6350e-03
2.4930e+00 113 1.2874e-01 6.4370e-03
2.4999e+00 113 1.2874e-01 6.4370e-03
2.5058e+00 113 1.2677e-01 6.3385e-03
2.5077e+00 113 1.3073e-01 6.5365e-03
2.5126e+00 113 1.2611e-01 6.3055e-03
2.5156e+00 113 1.2941e-01 6.4705e-03
2.5215e+00 113 1.3470e-01 6.7350e-03
2.5244e+00 113 1.2017e-01 6.0085e-03
2.5283e+00 113 1.2348e-01 6.1740e-03
2.5332e+00 113 1.2084e-01 6.0420e-03
2.5342e+00 113 1.2678e-01 6.3390e-03
2.5391e+00 113 1.2414e-01 6.2070e-03
2.5450e+00 113 1.2480e-01 6.2400e-03
2.5499e+00 113 1.2613e-01 6.3065e-03
2.5538e+00 113 1.2943e-01 6.4715e-03
2.5578e+00 113 1.2151e-01 6.0755e-03
2.5636e+00 113 1.2283e-01 6.1415e-03
2.5705e+00 113 1.2152e-01 6.0760e-03
2.5715e+00 113 1.1689e-01 5.8445e-03
2.5754e+00 113 1.2614e-01 6.3070e-03
2.5793e+00 113 1.1954e-01 5.9770e-03
2.5852e+00 113 1.2218e-01 6.1090e-03
2.5872e+00 113 1.1756e-01 5.8780e-03
2.5911e+00 113 1.2417e-01 6.2085e-03
2.5931e+00 113 1.1889e-01 5.9445e-03
2.5960e+00 113 1.2021e-01 6.0105e-03
2.5960e+00 113 1.2483e-01 6.2415e-03
2.6019e+00 113 1.1889e-01 5.9445e-03
2.6068e+00 113 1.1691e-01 5.8455e-03
2.6127e+00 113 1.1956e-01 5.9780e-03
2.6195e+00 113 1.1824e-01 5.9120e-03
2.6225e+00 113 1.1626e-01 5.8130e-03
2.6294e+00 113 1.1560e-01 5.7800e-03
2.6303e+00 113 1.2023e-01 6.0115e-03
2.6333e+00 113 1.1759e-01 5.8795e-03
2.6372e+00 113 1.1495e-01 5.7475e-03
2.6421e+00 113 1.1957e-01 5.9785e-03
2.6460e+00 113 1.1561e-01 5.7805e-03
2.6499e+00 113 1.1892e-01 5.9460e-03
2.6519e+00 113 1.1495e-01 5.7475e-03
2.6558e+00 113 1.1760e-01 5.8800e-03
2.6598e+00 113 1.1298e-01 5.6490e-03
2.6647e+00 113 1.1760e-01 5.8800e-03
2.6666e+00 113 1.1430e-01 5.7150e-03
2.6725e+00 113 1.1430e-01 5.7150e-03
2.6754e+00 113 1.1959e-01 5.9795e-03
2.6784e+00 113 1.1299e-01 5.6495e-03
2.6823e+00 113 1.1761e-01 5.8805e-03
2.6882e+00 113 1.1101e-01 5.5505e-03
2.6882e+00 113 1.1431e-01 5.7155e-03
2.6921e+00 113 1.1299e-01 5.6495e-03
2.6941e+00 113 1.1762e-01 5.8810e-03
2.6990e+00 113 1.1564e-01 5.7820e-03
2.7019e+00 113 1.1960e-01 5.9800e-03
2.7049e+00 113 1.1498e-01 5.7490e-03
2.7088e+00 113 1.1234e-01 5.6170e-03
2.7127e+00 113 1.1631e-01 5.8155e-03
2.7157e+00 113 1.1169e-01 5.5845e-03
2.7225e+00 113 1.1103e-01 5.5515e-03
2.7225e+00 113 1.1499e-01 5.7495e-03
2.7284e+00 113 1.1499e-01 5.7495e-03
2.7294e+00 113 1.1103e-01 5.5515e-03
2.7353e+00 113 1.1434e-01 5.7170e-03
2.7363e+00 113 1.1104e-01 5.5520e-03
2.7431e+00 113 1.1302e-01 5.6510e-03
2.7461e+00 113 1.1699e-01 5.8495e-03
2.7490e+00 113 1.1038e-01 5.5190e-03
2.7529e+00 113 1.1303e-01 5.6515e-03
2.7539e+00 113 1.0840e-01 5.4200e-03
2.7588e+00 113 1.1105e-01 5.5525e-03
2.7608e+00 113 1.0576e-01 5.2880e-03
2.7657e+00 113 1.0973e-01 5.4865e-03
2.7726e+00 113 1.0709e-01 5.3545e-03
2.7784e+00 113 1.0643e-01 5.3215e-03
2.7843e+00 113 1.0380e-01 5.1900e-03
2.7853e+00 113 1.0842e-01 5.4210e-03
2.7912e+00 113 1.0380e-01 5.1900e-03
2.7990e+00 113 1.0512e-01 5.2560e-03
2.8030e+00 113 1.0909e-01 5.4545e-03
2.8059e+00 113 1.0447e-01 5.2235e-03
2.8079e+00 113 1.1107e-01 5.5535e-03
2.8118e+00 113 1.0447e-01 5.2235e-03
2.8177e+00 113 1.0580e-01 5.2900e-03
2.8236e+00 113 1.0250e-01 5.1250e-03
2.8245e+00 113 1.0778e-01 5.3890e-03
2.8304e+00 113 1.0250e-01 5.1250e-03
2.8334e+00 113 1.0712e-01 5.3560e-03
2.8373e+00 113 1.0316e-01 5.1580e-03
2.8432e+00 113 1.0713e-01 5.3565e-03
2.8500e+00 113 1.0647e-01 5.3235e-03
2.8510e+00 113 1.0185e-01 5.0925e-03
2.8579e+00 113 1.0582e-01 5.2910e-03
2.8589e+00 113 1.0119e-01 5.0595e-03
2.8638e+00 113 1.0318e-01 5.1590e-03
2.8716e+00 113 1.0582e-01 5.2910e-03
2.8746e+00 113 1.0054e-01 5.0270e-03
2.8814e+00 113 1.0253e-01 5.1265e-03
2.8834e+00 113 9.9886e-02 4.9943e-03
2.8893e+00 113 1.0253e-01 5.1265e-03
2.8922e+00 113 9.9230e-02 4.9615e-03
2.8991e+00 113 1.0254e-01 5.1270e-03
2.9010e+00 113 9.9234e-02 4.9617e-03
2.9079e+00 113 9.7917e-02 4.8959e-03
2.9128e+00 113 1.0320e-01 5.1600e-03
2.9148e+00 113 9.7921e-02 4.8961e-03
2.9207e+00 113 1.0123e-01 5.0615e-03
2.9275e+00 113 1.0321e-01 5.1605e-03
2.9275e+00 113 9.7927e-02 4.8964e-03
2.9334e+00 113 1.0057e-01 5.0285e-03
2.9393e+00 113 9.7273e-02 4.8636e-03
2.9412e+00 113 1.0190e-01 5.0950e-03
2.9452e+00 113 9.5955e-02 4.7977e-03
2.9491e+00 113 1.0058e-01 5.0290e-03
2.9550e+00 113 9.7942e-02 4.8971e-03
2.9638e+00 113 9.5305e-02 4.7653e-03
2.9638e+00 113 9.9268e-02 4.9634e-03
2.9687e+00 113 9.5968e-02 4.7984e-03
2.9726e+00 113 1.0125e-01 5.0625e-03
2.9775e+00 113 1.0126e-01 5.0630e-03
2.9815e+00 113 9.6635e-02 4.8318e-03
2.9834e+00 113 1.0456e-01 5.2280e-03
1.8568e+00 156 8.6487e-02 4.3244e-03
1.8616e+00 156 8.9135e-02 4.4568e-03
1.8695e+00 156 8.9805e-02 4.4903e-03
1.8724e+00 156 8.7167e-02 4.3584e-03
1.8803e+00 156 8.5196e-02 4.2598e-03
1.8862e+00 156 8.3883e-02 4.1941e-03
1.8911e+00 156 8.7191e-02 4.3596e-03
1.8950e+00 156 8.3894e-02 4.1947e-03
1.8979e+00 156 8.7199e-02 4.3600e-03
1.9038e+00 156 8.6546e-02 4.3273e-03
1.9107e+00 156 8.9196e-02 4.4598e-03
1.9156e+00 156 8.7882e-02 4.3941e-03
1.9205e+00 156 8.5246e-02 4.2623e-03
1.9284e+00 156 8.7237e-02 4.3618e-03
1.9343e+00 156 8.4603e-02 4.2302e-03
1.9391e+00 156 8.8571e-02 4.4286e-03
1.9470e+00 156 8.6600e-02 4.3300e-03
1.9529e+00 156 8.8589e-02 4.4294e-03
1.9578e+00 156 8.7274e-02 4.3637e-03
1.9598e+00 156 8.4635e-02 4.2318e-03
1.9656e+00 156 8.5963e-02 4.2981e-03
1.9696e+00 156 8.7289e-02 4.3645e-03
1.9764e+00 156 8.6637e-02 4.3318e-03
1.9784e+00 156 8.3998e-02 4.1999e-03
1.9813e+00 156 8.7303e-02 4.3651e-03
1.9892e+00 156 8.5993e-02 4.2996e-03
1.9931e+00 156 8.4017e-02 4.2008e-03
1.9960e+00 156 8.6662e-02 4.3331e-03
1.9990e+00 156 8.4024e-02 4.2012e-03
2.0039e+00 156 8.5351e-02 4.2676e-03
2.0068e+00 156 8.3373e-02 4.1687e-03
2.0088e+00 156 8.7338e-02 4.3669e-03
2.0137e+00 156 8.4042e-02 4.2021e-03
2.0176e+00 156 8.7349e-02 4.3675e-03
2.0206e+00 156 8.4711e-02 4.2356e-03
2.0274e+00 156 8.8021e-02 4.4011e-03
2.0304e+00 156 8.5384e-02 4.2692e-03
2.0343e+00 156 8.7370e-02 4.3685e-03
2.0382e+00 156 8.5394e-02 4.2697e-03
2.0412e+00 156 8.7378e-02 4.3689e-03
2.0500e+00 156 8.6729e-02 4.3365e-03
2.0529e+00 156 9.0695e-02 4.5347e-03
2.0578e+00 156 8.7399e-02 4.3700e-03
2.0618e+00 156 8.6744e-02 4.3372e-03
2.0657e+00 156 8.8730e-02 4.4365e-03
2.0696e+00 156 8.6093e-02 4.3047e-03
2.0745e+00 156 8.6760e-02 4.3380e-03
2.0804e+00 156 8.7427e-02 4.3714e-03
2.0843e+00 156 8.6112e-02 4.3056e-03
2.0892e+00 156 8.8099e-02 4.4050e-03
2.0932e+00 156 8.6783e-02 4.3391e-03
2.0991e+00 156 8.6790e-02 4.3395e-03
2.1020e+00 156 9.2737e-02 4.6368e-03
2.1039e+00 156 8.9438e-02 4.4719e-03
2.1118e+00 156 8.9448e-02 4.4724e-03
2.1216e+00 156 9.1441e-02 4.5721e-03
2.1245e+00 156 8.8803e-02 4.4402e-03
2.1285e+00 156 9.2110e-02 4.6055e-03
2.1304e+00 156 8.8811e-02 4.4406e-03
2.1343e+00 156 9.5419e-02 4.7710e-03
2.1363e+00 156 9.1459e-02 4.5730e-03
2.1402e+00 156 8.9483e-02 4.4742e-03
2.1432e+00 156 9.2128e-02 4.6064e-03
2.1461e+00 156 9.4773e-02 4.7386e-03
2.1491e+00 156 9.1475e-02 4.5737e-03
2.1540e+00 156 9.2802e-02 4.6401e-03
2.1628e+00 156 9.2813e-02 4.6406e-03
2.1677e+00 156 9.3479e-02 4.6740e-03
2.1736e+00 156 9.2826e-02 4.6413e-03
2.1775e+00 156 9.2831e-02 4.6416e-03
2.1834e+00 156 9.3499e-02 4.6749e-03
2.1863e+00 156 9.7465e-02 4.8733e-03
2.1912e+00 156 9.4829e-02 4.7414e-03
2.1991e+00 156 9.5500e-02 4.7750e-03
2.2060e+00 156 9.5508e-02 4.7754e-03
2.2099e+00 156 9.6834e-02 4.8417e-03
2.2128e+00 156 1.0080e-01 5.0400e-03
2.2167e+00 156 9.7503e-02 4.8752e-03
2.2236e+00 156 9.8172e-02 4.9086e-03
2.2265e+00 156 1.0280e-01 5.1400e-03
2.2305e+00 156 9.8841e-02 4.9420e-03
2.2344e+00 156 1.0347e-01 5.1735e-03
2.2413e+00 156 1.0083e-01 5.0415e-03
2.2462e+00 156 1.0348e-01 5.1740e-03
2.2530e+00 156 1.0547e-01 5.2735e-03
2.2599e+00 156 1.0614e-01 5.3070e-03
2.2638e+00 156 1.0879e-01 5.4395e-03
2.2677e+00 156 1.0615e-01 5.3075e-03
2.2716e+00 156 1.1078e-01 5.5390e-03
2.2765e+00 156 1.1276e-01 5.6380e-03
2.2795e+00 156 1.1079e-01 5.5395e-03
2.2854e+00 156 1.1146e-01 5.5730e-03
2.2903e+00 156 1.1542e-01 5.7710e-03
2.2942e+00 156 1.1675e-01 5.8375e-03
2.3059e+00 156 1.2073e-01 6.0365e-03
2.3109e+00 156 1.1809e-01 5.9045e-03
2.3148e+00 156 1.2008e-01 6.0040e-03
2.3197e+00 156 1.2206e-01 6.1030e-03
2.3256e+00 156 1.1943e-01 5.9715e-03
2.3275e+00 156 1.2141e-01 6.0705e-03
2.3305e+00 156 1.1745e-01 5.8725e-03
2.3334e+00 156 1.1548e-01 5.7740e-03
2.3354e+00 156 1.1878e-01 5.9390e-03
2.3363e+00 156 1.2274e-01 6.1370e-03
2.3383e+00 156 1.4322e-01 7.1610e-03
2.3469e+00 156 2.0398e-01 1.0199e-02
2.3499e+00 156 1.8087e-01 9.0435e-03
2.3519e+00 156 1.6767e-01 8.3835e-03
2.3559e+00 156 1.5909e-01 7.9545e-03
2.3569e+00 156 1.4984e-01 7.4920e-03
2.3647e+00 156 1.4853e-01 7.4265e-03
2.3696e+00 156 1.4788e-01 7.3940e-03
2.3706e+00 156 1.4524e-01 7.2620e-03
2.3755e+00 156 1.4326e-01 7.1630e-03
2.3795e+00 156 1.4195e-01 7.0975e-03
2.3853e+00 156 1.4262e-01 7.1310e-03
2.3873e+00 156 1.4064e-01 7.0320e-03
2.3893e+00 156 1.3800e-01 6.9000e-03
2.3932e+00 156 1.4131e-01 7.0655e-03
2.3991e+00 156 1.3405e-01 6.7025e-03
2.3991e+00 156 1.3933e-01 6.9665e-03
2.4069e+00 156 1.3604e-01 6.8020e-03
2.4128e+00 156 1.3275e-01 6.6375e-03
2.4187e+00 156 1.2747e-01 6.3735e-03
2.4227e+00 156 1.2880e-01 6.4400e-03
2.4286e+00 156 1.2418e-01 6.2090e-03
2.4315e+00 156 1.2088e-01 6.0440e-03
2.4374e+00 156 1.2023e-01 6.0115e-03
2.4403e+00 156 1.1759e-01 5.8795e-03
2.4452e+00 156 1.1826e-01 5.9130e-03
2.4453e+00 156 1.1166e-01 5.5830e-03
2.4472e+00 156 1.2090e-01 6.0450e-03
2.4482e+00 156 1.1364e-01 5.6820e-03
2.4531e+00 156 1.1034e-01 5.5170e-03
2.4561e+00 156 1.0507e-01 5.2535e-03
2.4600e+00 156 1.0969e-01 5.4845e-03
2.4620e+00 156 1.0507e-01 5.2535e-03
2.4629e+00 156 1.0177e-01 5.0885e-03
2.4689e+00 156 8.9234e-02 4.4617e-03
2.4738e+00 156 9.1881e-02 4.5941e-03
2.4806e+00 156 1.1434e-01 5.7170e-03
2.4845e+00 156 1.2887e-01 6.4435e-03
2.4884e+00 156 1.3482e-01 6.7410e-03
2.4903e+00 156 1.2954e-01 6.4770e-03
2.4953e+00 156 1.2492e-01 6.2460e-03
2.4982e+00 156 1.2229e-01 6.1145e-03
2.5041e+00 156 1.1833e-01 5.9165e-03
2.5070e+00 156 1.2098e-01 6.0490e-03
2.5119e+00 156 1.2164e-01 6.0820e-03
2.5120e+00 156 1.1834e-01 5.9170e-03
2.5178e+00 156 1.1505e-01 5.7525e-03
2.5198e+00 156 1.1835e-01 5.9175e-03
2.5247e+00 156 1.1374e-01 5.6870e-03
2.5306e+00 156 1.0846e-01 5.4230e-03
2.5355e+00 156 1.0913e-01 5.4565e-03
2.5375e+00 156 1.0319e-01 5.1595e-03
2.5404e+00 156 1.1640e-01 5.8200e-03
2.5443e+00 156 1.1178e-01 5.5890e-03
2.5453e+00 156 1.2829e-01 6.4145e-03
2.5512e+00 156 1.0915e-01 5.4575e-03
2.5532e+00 156 1.1113e-01 5.5565e-03
2.5571e+00 156 1.0783e-01 5.3915e-03
2.5610e+00 156 1.0388e-01 5.1940e-03
2.5650e+00 156 1.0718e-01 5.3590e-03
2.5767e+00 156 1.0324e-01 5.1620e-03
2.5826e+00 156 1.0258e-01 5.1290e-03
2.5865e+00 156 1.0391e-01 5.1955e-03
2.5905e+00 156 9.8630e-02 4.9315e-03
2.5974e+00 156 9.8639e-02 4.9320e-03
2.6013e+00 156 1.0062e-01 5.0310e-03
2.6091e+00 156 1.0129e-01 5.0645e-03
2.6130e+00 156 9.8658e-02 4.9329e-03
2.6140e+00 156 1.0328e-01 5.1640e-03
2.6180e+00 156 9.8004e-02 4.9002e-03
2.6209e+00 156 9.5367e-02 4.7684e-03
2.6248e+00 156 9.6692e-02 4.8346e-03
2.6278e+00 156 9.2734e-02 4.6367e-03
2.6337e+00 156 9.5383e-02 4.7691e-03
2.6376e+00 156 9.2086e-02 4.6043e-03
2.6376e+00 156 9.6048e-02 4.8024e-03
2.6454e+00 156 9.2756e-02 4.6378e-03
2.6513e+00 156 9.0122e-02 4.5061e-03
2.6552e+00 156 9.2108e-02 4.6054e-03
2.6621e+00 156 9.0135e-02 4.5068e-03
2.6719e+00 156 9.2129e-02 4.6065e-03
2.6778e+00 156 9.1476e-02 4.5738e-03
2.6827e+00 156 9.0161e-02 4.5080e-03
2.6857e+00 156 9.4127e-02 4.7063e-03
2.6896e+00 156 9.1490e-02 4.5745e-03
2.6945e+00 156 8.9516e-02 4.4758e-03
2.6994e+00 156 9.2823e-02 4.6411e-03
2.7023e+00 156 8.9525e-02 4.4763e-03
2.7072e+00 156 9.2833e-02 4.6417e-03
2.7112e+00 156 8.9536e-02 4.4768e-03
2.7141e+00 156 8.6899e-02 4.3450e-03
2.7190e+00 156 8.8226e-02 4.4113e-03
2.7269e+00 156 8.8896e-02 4.4448e-03
2.7318e+00 156 8.6261e-02 4.3130e-03
2.7396e+00 156 8.7591e-02 4.3796e-03
2.7435e+00 156 8.8917e-02 4.4459e-03
2.7465e+00 156 8.9581e-02 4.4791e-03
2.7485e+00 156 8.6281e-02 4.3141e-03
2.7514e+00 156 8.3644e-02 4.1822e-03
2.7632e+00 156 8.6960e-02 4.3480e-03
2.7720e+00 156 8.4990e-02 4.2495e-03
2.7799e+00 156 8.4340e-02 4.2170e-03
2.7867e+00 156 8.3028e-02 4.1514e-03
2.7916e+00 156 8.2373e-02 4.1187e-03
2.7946e+00 156 8.5018e-02 4.2509e-03
2.7975e+00 156 8.1720e-02 4.0860e-03
2.8005e+00 156 8.5026e-02 4.2513e-03
2.8034e+00 156 8.1728e-02 4.0864e-03
2.8083e+00 156 8.5036e-02 4.2518e-03
2.8103e+00 156 8.2397e-02 4.1199e-03
2.8152e+00 156 8.4384e-02 4.2192e-03
2.8171e+00 156 8.1085e-02 4.0542e-03
2.8191e+00 156 8.3068e-02 4.1534e-03
2.8220e+00 156 8.1091e-02 4.0545e-03
2.8260e+00 156 8.3737e-02 4.1868e-03
2.8279e+00 156 8.0438e-02 4.0219e-03
2.8348e+00 156 8.2427e-02 4.1214e-03
2.8368e+00 156 7.9788e-02 3.9894e-03
2.8446e+00 156 8.1779e-02 4.0890e-03
2.8495e+00 156 7.9804e-02 3.9902e-03
2.8603e+00 156 8.1139e-02 4.0569e-03
2.8652e+00 156 7.9164e-02 3.9582e-03
2.8681e+00 156 8.2469e-02 4.1234e-03
2.8721e+00 156 7.9833e-02 3.9917e-03
2.8780e+00 156 8.1821e-02 4.0910e-03
2.8838e+00 156 8.0508e-02 4.0254e-03
2.8878e+00 156 8.3814e-02 4.1907e-03
2.8937e+00 156 8.1180e-02 4.0590e-03
2.8995e+00 156 8.0527e-02 4.0263e-03
2.9044e+00 156 7.9873e-02 3.9937e-03
2.9113e+00 156 7.6580e-02 3.8290e-03
2.9143e+00 156 7.9225e-02 3.9612e-03
2.9182e+00 156 8.1871e-02 4.0935e-03
2.9202e+00 156 7.7251e-02 3.8626e-03
2.9280e+00 156 7.6601e-02 3.8300e-03
2.9339e+00 156 7.7269e-02 3.8635e-03
2.9427e+00 156 7.5959e-02 3.7980e-03
2.9437e+00 156 7.9922e-02 3.9961e-03
2.9496e+00 156 7.5968e-02 3.7984e-03
2.9564e+00 156 7.5976e-02 3.7988e-03
2.9633e+00 156 7.7305e-02 3.8653e-03
2.9663e+00 156 7.4007e-02 3.7004e-03
2.9741e+00 156 7.5338e-02 3.7669e-03
2.9780e+00 156 7.4682e-02 3.7341e-03
2.9790e+00 156 8.0627e-02 4.0313e-03
2.9829e+00 156 7.6670e-02 3.8335e-03
2.9908e+00 156 7.6019e-02 3.8010e-03
2.9947e+00 156 7.6684e-02 3.8342e-03
3.0026e+00 156 7.6694e-02 3.8347e-03
1.8577e+00 166 8.5603e-02 4.2801e-03
1.8587e+00 166 8.8915e-02 4.4458e-03
1.8656e+00 166 8.8260e-02 4.4130e-03
1.8695e+00 166 8.4953e-02 4.2477e-03
1.8734e+00 166 8.5620e-02 4.2810e-03
1.8793e+00 166 8.6950e-02 4.3475e-03
1.8852e+00 166 8.4970e-02 4.2485e-03
1.8881e+00 166 8.9608e-02 4.4804e-03
1.8920e+00 166 8.5639e-02 4.2820e-03
1.8979e+00 166 8.4983e-02 4.2492e-03
1.9038e+00 166 8.5651e-02 4.2825e-03
1.9107e+00 166 8.5659e-02 4.2830e-03
1.9146e+00 166 9.1623e-02 4.5811e-03
1.9175e+00 166 8.5666e-02 4.2833e-03
1.9224e+00 166 8.6995e-02 4.3498e-03
1.9254e+00 166 8.8323e-02 4.4161e-03
1.9283e+00 166 8.5677e-02 4.2839e-03
1.9283e+00 166 8.8988e-02 4.4494e-03
1.9322e+00 166 8.8992e-02 4.4496e-03
1.9342e+00 166 8.5683e-02 4.2842e-03
1.9401e+00 166 9.0325e-02 4.5163e-03
1.9430e+00 166 8.7017e-02 4.3509e-03
1.9489e+00 166 8.9672e-02 4.4836e-03
1.9538e+00 166 8.9015e-02 4.4507e-03
1.9587e+00 166 8.6371e-02 4.3185e-03
1.9606e+00 166 8.9684e-02 4.4842e-03
1.9665e+00 166 8.6379e-02 4.3190e-03
1.9714e+00 166 8.3735e-02 4.1868e-03
1.9744e+00 166 8.7712e-02 4.3856e-03
1.9793e+00 166 8.3744e-02 4.1872e-03
1.9832e+00 166 8.6397e-02 4.3199e-03
1.9881e+00 166 8.4415e-02 4.2208e-03
1.9930e+00 166 8.5082e-02 4.2541e-03
1.9979e+00 166 8.4425e-02 4.2213e-03
1.9989e+00 166 9.0386e-02 4.5193e-03
2.0028e+00 166 8.6417e-02 4.3209e-03
2.0077e+00 166 8.5098e-02 4.2549e-03
2.0126e+00 166 8.6427e-02 4.3214e-03
2.0146e+00 166 8.3780e-02 4.1890e-03
2.0195e+00 166 8.4448e-02 4.2224e-03
2.0244e+00 166 8.5777e-02 4.2889e-03
2.0312e+00 166 8.7109e-02 4.3555e-03
2.0322e+00 166 8.5123e-02 4.2562e-03
2.0332e+00 166 8.2475e-02 4.1238e-03
2.0381e+00 166 8.4467e-02 4.2233e-03
2.0430e+00 166 8.4472e-02 4.2236e-03
2.0459e+00 166 8.5800e-02 4.2900e-03
2.0489e+00 166 8.8452e-02 4.4226e-03
2.0508e+00 166 8.5805e-02 4.2903e-03
2.0567e+00 166 8.5811e-02 4.2906e-03
2.0616e+00 166 8.4492e-02 4.2246e-03
2.0695e+00 166 8.5162e-02 4.2581e-03
2.0744e+00 166 8.5830e-02 4.2915e-03
2.0802e+00 166 8.7822e-02 4.3911e-03
2.0861e+00 166 8.5180e-02 4.2590e-03
2.0940e+00 166 8.9161e-02 4.4580e-03
2.0969e+00 166 8.5853e-02 4.2927e-03
2.1038e+00 166 8.6523e-02 4.3261e-03
2.1087e+00 166 9.1163e-02 4.5582e-03
2.1165e+00 166 9.2496e-02 4.6248e-03
2.1243e+00 166 9.3829e-02 4.6914e-03
2.1273e+00 166 9.5818e-02 4.7909e-03
2.1292e+00 166 9.2509e-02 4.6254e-03
2.1312e+00 166 9.8471e-02 4.9236e-03
2.1341e+00 166 9.0528e-02 4.5264e-03
2.1390e+00 166 9.3844e-02 4.6922e-03
2.1449e+00 166 9.5837e-02 4.7919e-03
2.1488e+00 166 9.0543e-02 4.5272e-03
2.1528e+00 166 9.3196e-02 4.6598e-03
2.1567e+00 166 9.9160e-02 4.9580e-03
2.1625e+00 166 9.9166e-02 4.9583e-03
2.1684e+00 166 9.7848e-02 4.8924e-03
2.1773e+00 166 9.8520e-02 4.9260e-03
2.1792e+00 166 1.0250e-01 5.1250e-03
2.1841e+00 166 9.9189e-02 4.9595e-03
2.1900e+00 166 1.0184e-01 5.0920e-03
2.1959e+00 166 1.0185e-01 5.0925e-03
2.2057e+00 166 1.0583e-01 5.2915e-03
2.2125e+00 166 1.0518e-01 5.2590e-03
2.2135e+00 166 1.0915e-01 5.4575e-03
2.2213e+00 166 1.0916e-01 5.4580e-03
2.2272e+00 166 1.0784e-01 5.3920e-03
2.2321e+00 166 1.1182e-01 5.5910e-03
2.2351e+00 166 1.0851e-01 5.4255e-03
2.2419e+00 166 1.1249e-01 5.6245e-03
2.2449e+00 166 1.0985e-01 5.4925e-03
2.2498e+00 166 1.1383e-01 5.6915e-03
2.2566e+00 166 1.1317e-01 5.6585e-03
2.2576e+00 166 1.1648e-01 5.8240e-03
2.2625e+00 166 1.1649e-01 5.8245e-03
2.2654e+00 166 1.1782e-01 5.8910e-03
2.2693e+00 166 1.1981e-01 5.9905e-03
2.2713e+00 166 1.2312e-01 6.1560e-03
2.2762e+00 166 1.1849e-01 5.9245e-03
2.2801e+00 166 1.2048e-01 6.0240e-03
2.2860e+00 166 1.2247e-01 6.1235e-03
2.2899e+00 166 1.2446e-01 6.2230e-03
2.2938e+00 166 1.2248e-01 6.1240e-03
2.2968e+00 166 1.2977e-01 6.4885e-03
2.2997e+00 166 1.2514e-01 6.2570e-03
2.3036e+00 166 1.2580e-01 6.2900e-03
2.3046e+00 166 1.2845e-01 6.4225e-03
2.3105e+00 166 1.2647e-01 6.3235e-03
2.3125e+00 166 1.2846e-01 6.4230e-03
2.3164e+00 166 1.3111e-01 6.5555e-03
2.3193e+00 166 1.2847e-01 6.4235e-03
2.3232e+00 166 1.2715e-01 6.3575e-03
2.3262e+00 166 1.2980e-01 6.4900e-03
2.3282e+00 166 1.2384e-01 6.1920e-03
2.3350e+00 166 1.2385e-01 6.1925e-03
2.3360e+00 166 1.3246e-01 6.6230e-03
2.3379e+00 166 1.5233e-01 7.6165e-03
2.3389e+00 166 1.3644e-01 6.8220e-03
2.3436e+00 166 2.0862e-01 1.0431e-02
2.3486e+00 166 1.8810e-01 9.4050e-03
2.3506e+00 166 1.7817e-01 8.9085e-03
2.3535e+00 166 1.6824e-01 8.4120e-03
2.3555e+00 166 1.5698e-01 7.8490e-03
2.3565e+00 166 1.6096e-01 8.0480e-03
2.3614e+00 166 1.5169e-01 7.5845e-03
2.3634e+00 166 1.5832e-01 7.9160e-03
2.3673e+00 166 1.5236e-01 7.6180e-03
2.3712e+00 166 1.5104e-01 7.5520e-03
2.3742e+00 166 1.4574e-01 7.2870e-03
2.3810e+00 166 1.4575e-01 7.2875e-03
2.3830e+00 166 1.4244e-01 7.1220e-03
2.3899e+00 166 1.4245e-01 7.1225e-03
2.3938e+00 166 1.4047e-01 7.0235e-03
2.3977e+00 166 1.3848e-01 6.9240e-03
2.4046e+00 166 1.4048e-01 7.0240e-03
2.4105e+00 166 1.3651e-01 6.8255e-03
2.4134e+00 166 1.3386e-01 6.6930e-03
2.4164e+00 166 1.2989e-01 6.4945e-03
2.4203e+00 166 1.2924e-01 6.4620e-03
2.4223e+00 166 1.2725e-01 6.3625e-03
2.4281e+00 166 1.2858e-01 6.4290e-03
2.4291e+00 166 1.2527e-01 6.2635e-03
2.4321e+00 166 1.2726e-01 6.3630e-03
2.4350e+00 166 1.2528e-01 6.2640e-03
2.4360e+00 166 1.1535e-01 5.7675e-03
2.4429e+00 166 1.1403e-01 5.7015e-03
2.4468e+00 166 1.2264e-01 6.1320e-03
2.4507e+00 166 1.1271e-01 5.6355e-03
2.4546e+00 166 1.0543e-01 5.2715e-03
2.4556e+00 166 1.0941e-01 5.4705e-03
2.4596e+00 166 1.0411e-01 5.2055e-03
2.4605e+00 166 1.0014e-01 5.0070e-03
2.4635e+00 166 9.6832e-02 4.8416e-03
2.4665e+00 166 8.8226e-02 4.4113e-03
2.4743e+00 166 7.6314e-02 3.8157e-03
2.4743e+00 166 8.7572e-02 4.3786e-03
2.4772e+00 166 1.0281e-01 5.1405e-03
2.4791e+00 166 1.1473e-01 5.7365e-03
2.4791e+00 166 1.2665e-01 6.3325e-03
2.4791e+00 166 1.3195e-01 6.5975e-03
2.4889e+00 166 1.2401e-01 6.2005e-03
2.4938e+00 166 1.2666e-01 6.3330e-03
2.4958e+00 166 1.2203e-01 6.1015e-03
2.4987e+00 166 1.1740e-01 5.8700e-03
2.5056e+00 166 1.1608e-01 5.8040e-03
2.5125e+00 166 1.1609e-01 5.8045e-03
2.5144e+00 166 1.1145e-01 5.5725e-03
2.5213e+00 166 1.1212e-01 5.6060e-03
2.5252e+00 166 1.0948e-01 5.4740e-03
2.5311e+00 166 1.0882e-01 5.4410e-03
2.5340e+00 166 1.0551e-01 5.2755e-03
2.5341e+00 166 1.0022e-01 5.0110e-03
2.5389e+00 166 1.1744e-01 5.8720e-03
2.5399e+00 166 1.3466e-01 6.7330e-03
2.5448e+00 166 1.1149e-01 5.5745e-03
2.5468e+00 166 1.0685e-01 5.3425e-03
2.5546e+00 166 1.0223e-01 5.1115e-03
2.5546e+00 166 1.0620e-01 5.3100e-03
2.5625e+00 166 1.0091e-01 5.0455e-03
2.5684e+00 166 1.0224e-01 5.1120e-03
2.5772e+00 166 9.8938e-02 4.9469e-03
2.5791e+00 166 1.0358e-01 5.1790e-03
2.5841e+00 166 9.8282e-02 4.9141e-03
2.5909e+00 166 9.8290e-02 4.9145e-03
2.6007e+00 166 1.0029e-01 5.0145e-03
2.6007e+00 166 9.5651e-02 4.7825e-03
2.6076e+00 166 9.5658e-02 4.7829e-03
2.6125e+00 166 9.7650e-02 4.8825e-03
2.6135e+00 166 9.4340e-02 4.7170e-03
2.6145e+00 166 9.1692e-02 4.5846e-03
2.6174e+00 166 9.5668e-02 4.7834e-03
2.6223e+00 166 9.3025e-02 4.6513e-03
2.6292e+00 166 9.3694e-02 4.6847e-03
2.6331e+00 166 9.5023e-02 4.7511e-03
2.6331e+00 166 9.7671e-02 4.8836e-03
2.6370e+00 166 9.2378e-02 4.6189e-03
2.6400e+00 166 9.0394e-02 4.5197e-03
2.6439e+00 166 9.2385e-02 4.6193e-03
2.6488e+00 166 9.3714e-02 4.6857e-03
2.6498e+00 166 9.0404e-02 4.5202e-03
2.6566e+00 166 9.0411e-02 4.5205e-03
2.6566e+00 166 9.3723e-02 4.6862e-03
2.6625e+00 166 9.1080e-02 4.5540e-03
2.6694e+00 166 8.9763e-02 4.4881e-03
2.6752e+00 166 8.6458e-02 4.3229e-03
2.6762e+00 166 9.0432e-02 4.5216e-03
2.6841e+00 166 8.9116e-02 4.4558e-03
2.6880e+00 166 8.9120e-02 4.4560e-03
2.6900e+00 166 8.5811e-02 4.2906e-03
2.6958e+00 166 8.5155e-02 4.2578e-03
2.6968e+00 166 8.8467e-02 4.4234e-03
2.7056e+00 166 8.5827e-02 4.2914e-03
2.7086e+00 166 8.9141e-02 4.4571e-03
2.7105e+00 166 8.7157e-02 4.3578e-03
2.7115e+00 166 8.3846e-02 4.1923e-03
2.7164e+00 166 8.5838e-02 4.2919e-03
2.7203e+00 166 8.7829e-02 4.3914e-03
2.7253e+00 166 8.3199e-02 4.1599e-03
2.7272e+00 166 8.7174e-02 4.3587e-03
2.7341e+00 166 8.9168e-02 4.4584e-03
2.7370e+00 166 8.5860e-02 4.2930e-03
2.7409e+00 166 8.3877e-02 4.1939e-03
2.7458e+00 166 8.5207e-02 4.2603e-03
2.7497e+00 166 8.7198e-02 4.3599e-03
2.7517e+00 166 8.1240e-02 4.0620e-03
2.7537e+00 166 8.3891e-02 4.1946e-03
2.7576e+00 166 8.3895e-02 4.1947e-03
2.7605e+00 166 8.5884e-02 4.2942e-03
2.7645e+00 166 8.2577e-02 4.1288e-03
2.7684e+00 166 8.2581e-02 4.1291e-03
2.7743e+00 166 8.4574e-02 4.2287e-03
2.7772e+00 166 8.1928e-02 4.0964e-03
2.7821e+00 166 8.3258e-02 4.1629e-03
2.7860e+00 166 8.1275e-02 4.0638e-03
2.7929e+00 166 8.1945e-02 4.0973e-03
2.7988e+00 166 8.3938e-02 4.1969e-03
2.8047e+00 166 8.2619e-02 4.1310e-03
2.8105e+00 166 8.1301e-02 4.0651e-03
2.8154e+00 166 7.9982e-02 3.9991e-03
2.8203e+00 166 8.0649e-02 4.0324e-03
2.8262e+00 166 8.3304e-02 4.1652e-03
2.8301e+00 166 8.1984e-02 4.0992e-03
2.8360e+00 166 8.0003e-02 4.0002e-03
2.8409e+00 166 7.8684e-02 3.9342e-03
2.8497e+00 166 8.0018e-02 4.0009e-03
2.8537e+00 166 8.2008e-02 4.1004e-03
2.8576e+00 166 8.4661e-02 4.2331e-03
2.8595e+00 166 8.1352e-02 4.0676e-03
2.8635e+00 166 7.8045e-02 3.9023e-03
2.8694e+00 166 7.7389e-02 3.8694e-03
2.8733e+00 166 7.8718e-02 3.9359e-03
2.8792e+00 166 8.0048e-02 4.0024e-03
2.8831e+00 166 7.7403e-02 3.8702e-03
2.8919e+00 166 7.6088e-02 3.8044e-03
2.8968e+00 166 7.8742e-02 3.9371e-03
2.9007e+00 166 7.6760e-02 3.8380e-03
2.9047e+00 166 7.3453e-02 3.6727e-03
2.9076e+00 166 7.7429e-02 3.8715e-03
2.9145e+00 166 7.6774e-02 3.8387e-03
2.9203e+00 166 7.8105e-02 3.9053e-03
2.9282e+00 166 7.6788e-02 3.8394e-03
2.9350e+00 166 7.4809e-02 3.7405e-03
2.9429e+00 166 7.5479e-02 3.7740e-03
2.9517e+00 166 7.5488e-02 3.7744e-03
2.9586e+00 166 7.6820e-02 3.8410e-03
2.9635e+00 166 7.9474e-02 3.9737e-03
2.9684e+00 166 7.6830e-02 3.8415e-03
2.9762e+00 166 7.5514e-02 3.7757e-03
2.9811e+00 166 7.4195e-02 3.7097e-03
2.9880e+00 166 7.5526e-02 3.7763e-03
2.9929e+00 166 7.6856e-02 3.8428e-03
2.9988e+00 166 7.4213e-02 3.7106e-03
