5.2160e-01 4.5000e+01 1.7480e-09 2.7150e-10
6.0240e-01 4.5000e+01 2.5430e-09 1.4400e-10
7.0270e-01 4.5000e+01 6.5990e-09 1.8670e-10
7.9690e-01 4.5000e+01 1.0640e-08 1.4020e-10
8.0330e-01 4.5000e+01 1.1730e-08 8.8980e-10
8.1470e-01 4.5000e+01 1.3420e-08 8.9300e-10
8.7970e-01 4.5000e+01 1.7500e-08 3.2450e-10
8.8260e-01 4.5000e+01 1.9360e-08 1.9760e-09
9.2050e-01 4.5000e+01 2.3470e-08 6.4320e-10
9.3750e-01 4.5000e+01 2.3690e-08 1.5100e-09
9.5450e-01 4.5000e+01 3.0480e-08 1.0270e-09
9.7460e-01 4.5000e+01 3.5020e-08 8.9960e-10
9.7990e-01 4.5000e+01 3.7880e-08 1.2230e-09
9.8130e-01 4.5000e+01 3.8850e-08 1.5180e-09
1.0049e+00 4.5000e+01 5.1310e-08 1.9140e-09
1.0124e+00 4.5000e+01 6.6540e-08 2.6790e-09
1.0422e+00 4.5000e+01 2.3610e-07 7.4670e-09
1.0503e+00 4.5000e+01 6.5890e-07 3.9830e-08
1.0525e+00 4.5000e+01 1.1570e-06 5.9440e-08
1.0541e+00 4.5000e+01 2.0060e-06 8.5930e-08
1.0554e+00 4.5000e+01 3.3890e-06 1.1260e-07
1.0562e+00 4.5000e+01 5.5750e-06 1.6840e-07
1.0571e+00 4.5000e+01 7.9240e-06 1.3530e-07
1.0577e+00 4.5000e+01 9.8580e-06 2.2790e-07
1.0583e+00 4.5000e+01 1.0670e-05 2.4000e-07
1.0588e+00 4.5000e+01 1.0570e-05 2.3850e-07
1.0596e+00 4.5000e+01 7.9150e-06 1.7210e-07
1.0603e+00 4.5000e+01 5.5440e-06 8.7110e-08
1.0614e+00 4.5000e+01 3.0210e-06 6.7060e-08
1.0619e+00 4.5000e+01 2.2920e-06 4.9780e-08
1.0631e+00 4.5000e+01 1.3380e-06 2.8140e-08
1.0646e+00 4.5000e+01 8.4780e-07 1.3890e-08
1.0651e+00 4.5000e+01 7.9190e-07 1.7510e-08
1.0663e+00 4.5000e+01 6.9910e-07 1.6760e-08
1.0672e+00 4.5000e+01 6.0690e-07 1.5770e-08
1.0679e+00 4.5000e+01 5.3440e-07 1.5190e-08
1.0711e+00 4.5000e+01 2.8430e-07 1.2240e-08
1.0746e+00 4.5000e+01 1.5220e-07 9.3930e-09
1.0794e+00 4.5000e+01 8.3850e-08 5.5490e-09
1.0826e+00 4.5000e+01 5.2680e-08 6.2340e-09
1.0855e+00 4.5000e+01 4.4930e-08 1.1220e-09
1.0895e+00 4.5000e+01 2.6060e-08 1.3710e-09
1.1183e+00 4.5000e+01 1.9090e-08 1.1620e-09
1.1335e+00 4.5000e+01 2.1010e-08 1.1400e-09
1.1336e+00 4.5000e+01 2.2020e-08 1.0080e-09
1.1497e+00 4.5000e+01 2.6560e-08 1.0330e-09
1.1850e+00 4.5000e+01 2.8890e-08 1.3550e-09
1.1969e+00 4.5000e+01 3.3240e-08 1.3410e-09
1.2340e+00 4.5000e+01 3.9400e-08 1.4610e-09
1.2838e+00 4.5000e+01 4.8120e-08 1.5830e-09
1.2853e+00 4.5000e+01 4.7900e-08 2.3790e-09
1.2854e+00 4.5000e+01 4.7350e-08 2.7690e-09
1.3177e+00 4.5000e+01 5.6580e-08 1.9160e-09
1.3438e+00 4.5000e+01 6.0300e-08 1.8050e-09
1.3993e+00 4.5000e+01 6.8480e-08 2.4350e-09
1.4505e+00 4.5000e+01 8.1630e-08 2.2600e-09
1.4516e+00 4.5000e+01 8.2520e-08 2.9130e-09
1.4788e+00 4.5000e+01 9.2480e-08 4.7620e-09
1.5000e+00 4.5000e+01 9.7680e-08 2.3980e-09
1.5007e+00 4.5000e+01 9.2190e-08 2.5180e-09
1.5272e+00 4.5000e+01 1.1500e-07 3.7310e-09
1.5297e+00 4.5000e+01 1.1840e-07 2.7740e-09
1.5398e+00 4.5000e+01 1.2640e-07 4.8020e-09
1.5699e+00 4.5000e+01 1.2770e-07 4.9600e-09
1.5887e+00 4.5000e+01 1.2770e-07 5.3870e-09
1.5983e+00 4.5000e+01 1.3530e-07 6.2130e-09
1.5994e+00 4.5000e+01 1.2840e-07 4.9410e-09
1.6297e+00 4.5000e+01 1.3470e-07 3.2640e-09
1.6298e+00 4.5000e+01 1.3670e-07 4.3300e-09
1.6639e+00 4.5000e+01 1.5150e-07 6.7150e-09
1.6797e+00 4.5000e+01 1.6070e-07 7.0290e-09
1.6957e+00 4.5000e+01 1.8010e-07 7.1630e-09
1.6999e+00 4.5000e+01 1.7390e-07 5.5660e-09
1.7824e+00 4.5000e+01 4.0560e-07 9.4790e-09
1.7871e+00 4.5000e+01 4.8010e-07 1.3060e-08
1.7922e+00 4.5000e+01 7.3310e-07 1.3990e-08
1.7968e+00 4.5000e+01 1.2070e-06 1.9740e-08
1.7984e+00 4.5000e+01 1.8980e-06 2.9810e-08
1.8004e+00 4.5000e+01 2.9870e-06 3.8960e-08
1.8029e+00 4.5000e+01 5.8340e-06 7.0860e-08
1.8050e+00 4.5000e+01 5.7210e-06 4.6960e-08
1.8066e+00 4.5000e+01 3.2710e-06 3.1100e-08
1.8093e+00 4.5000e+01 1.3710e-06 2.1880e-08
1.8116e+00 4.5000e+01 7.6760e-07 1.2280e-08
1.8133e+00 4.5000e+01 6.1320e-07 9.1880e-09
1.8149e+00 4.5000e+01 4.8500e-07 8.1420e-09
1.8169e+00 4.5000e+01 4.0900e-07 1.0040e-08
1.8172e+00 4.5000e+01 3.1990e-07 6.1240e-09
1.8216e+00 4.5000e+01 2.4000e-07 5.6680e-09
1.8282e+00 4.5000e+01 1.9280e-07 4.8410e-09
1.8302e+00 4.5000e+01 1.8000e-07 3.8140e-09
1.8319e+00 4.5000e+01 1.8140e-07 5.3710e-09
1.8728e+00 4.5000e+01 2.1650e-07 4.6380e-09
1.8808e+00 4.5000e+01 2.1910e-07 5.7540e-09
1.9026e+00 4.5000e+01 2.6710e-07 1.0530e-08
1.9285e+00 4.5000e+01 3.0210e-07 7.1610e-09
1.9808e+00 4.5000e+01 3.6430e-07 7.7930e-09
1.9999e+00 4.5000e+01 3.9250e-07 1.4900e-08
2.0294e+00 4.5000e+01 4.7300e-07 9.1500e-09
2.0808e+00 4.5000e+01 5.9290e-07 9.2120e-09
2.0979e+00 4.5000e+01 6.4360e-07 1.9380e-08
2.1292e+00 4.5000e+01 7.6520e-07 1.1290e-08
2.1786e+00 4.5000e+01 1.0220e-06 2.8270e-08
2.1811e+00 4.5000e+01 1.0170e-06 1.4000e-08
2.2300e+00 4.5000e+01 1.4310e-06 1.5400e-08
2.2586e+00 4.5000e+01 1.7830e-06 4.6090e-08
2.2776e+00 4.5000e+01 2.1640e-06 7.3560e-08
2.2958e+00 4.5000e+01 2.3310e-06 7.8150e-08
2.2997e+00 4.5000e+01 2.3710e-06 2.1800e-08
2.3153e+00 4.5000e+01 2.8180e-06 8.8640e-08
2.3273e+00 4.5000e+01 3.1850e-06 1.0150e-07
2.3309e+00 4.5000e+01 3.3890e-06 1.0660e-07
2.3338e+00 4.5000e+01 3.6750e-06 1.1280e-07
2.3378e+00 4.5000e+01 4.0610e-06 1.2830e-07
2.3419e+00 4.5000e+01 5.0200e-06 1.5840e-07
2.3446e+00 4.5000e+01 6.5280e-06 1.9800e-07
2.3461e+00 4.5000e+01 5.5410e-06 1.6790e-07
2.3490e+00 4.5000e+01 6.5190e-06 1.8910e-07
2.3502e+00 4.5000e+01 6.2010e-06 1.7210e-07
2.3522e+00 4.5000e+01 5.2450e-06 1.7080e-07
2.3522e+00 4.5000e+01 5.1150e-06 1.2540e-07
2.3537e+00 4.5000e+01 3.9420e-06 1.3080e-07
2.3553e+00 4.5000e+01 3.3680e-06 1.1060e-07
2.3575e+00 4.5000e+01 2.6070e-06 8.8620e-08
2.3598e+00 4.5000e+01 2.2720e-06 8.1470e-08
2.3613e+00 4.5000e+01 2.1930e-06 7.8000e-08
2.3711e+00 4.5000e+01 1.9750e-06 7.2940e-08
2.4018e+00 4.5000e+01 1.9380e-06 6.8960e-08
2.4411e+00 4.5000e+01 1.9380e-06 7.2260e-08
2.4483e+00 4.5000e+01 2.0840e-06 7.3420e-08
2.4547e+00 4.5000e+01 2.2430e-06 7.7390e-08
2.4606e+00 4.5000e+01 2.7350e-06 9.1970e-08
2.4632e+00 4.5000e+01 3.1110e-06 1.1300e-07
2.4680e+00 4.5000e+01 4.5200e-06 1.4320e-07
2.4727e+00 4.5000e+01 7.0990e-06 2.4190e-07
2.4754e+00 4.5000e+01 9.1090e-06 3.1310e-07
2.4769e+00 4.5000e+01 9.5550e-06 2.9900e-07
2.4779e+00 4.5000e+01 9.1040e-06 2.1480e-07
2.4779e+00 4.5000e+01 9.5730e-06 3.2280e-07
2.4804e+00 4.5000e+01 7.9940e-06 2.4240e-07
2.4818e+00 4.5000e+01 6.6190e-06 2.2550e-07
2.4848e+00 4.5000e+01 4.8160e-06 1.5450e-07
2.4868e+00 4.5000e+01 3.9580e-06 1.4940e-07
2.4892e+00 4.5000e+01 2.7470e-06 1.0690e-07
2.4918e+00 4.5000e+01 2.3130e-06 7.5630e-08
2.4970e+00 4.5000e+01 1.5360e-06 7.3560e-08
2.5402e+00 4.5000e+01 4.8770e-07 2.2310e-08
2.5880e+00 4.5000e+01 3.2990e-07 1.6140e-08
2.5991e+00 4.5000e+01 3.3230e-07 8.9040e-09
2.7024e+00 4.5000e+01 1.7340e-07 7.0980e-09
2.7295e+00 4.5000e+01 1.6960e-07 9.6980e-09
2.8264e+00 4.5000e+01 1.3190e-07 7.7280e-09
2.9262e+00 4.5000e+01 1.3920e-07 7.8340e-09
2.9968e+00 4.5000e+01 1.4580e-07 2.3020e-08
3.0242e+00 4.5000e+01 1.6300e-07 9.5080e-09
3.1221e+00 4.5000e+01 1.9560e-07 9.7080e-09
3.2190e+00 4.5000e+01 2.3590e-07 1.1740e-08
3.3194e+00 4.5000e+01 3.4650e-07 1.4740e-08
3.3822e+00 4.5000e+01 6.1430e-07 2.3120e-08
3.3978e+00 4.5000e+01 8.8650e-07 3.3160e-08
3.4045e+00 4.5000e+01 7.3890e-07 5.5560e-08
3.4363e+00 4.5000e+01 2.7700e-07 1.4610e-08
