# theta_center [deg]  delta_beta_center [rad]  delta_beta_error [rad]
2.900000e+01 4.194488e-04 5.439833e-04
3.600000e+01 5.666962e-04 1.724487e-04
4.300000e+01 5.094840e-04 1.117923e-04
5.000000e+01 4.357608e-04 8.589771e-05
5.700000e+01 2.629134e-04 8.356382e-05
6.400000e+01 3.557495e-04 9.925465e-05
7.100000e+01 6.028349e-04 1.443458e-04
7.800000e+01 6.662379e-04 2.324435e-04
1.060000e+02 4.794026e-04 8.206547e-05
1.130000e+02 4.010551e-04 6.371072e-05
1.200000e+02 4.661898e-04 5.257898e-05
1.270000e+02 5.074048e-04 8.829727e-05
1.340000e+02 4.621978e-04 4.581245e-05
1.410000e+02 4.781895e-04 5.838026e-05
1.480000e+02 4.085717e-04 5.141262e-05
1.550000e+02 4.078363e-04 1.309099e-04
1.620000e+02 4.814252e-04 7.265332e-05
1.690000e+02 4.673617e-04 1.211404e-04
