# theta_center [deg]  delta_beta_center [rad]  delta_beta_error [rad]
2.900000e+01 1.264455e-03 4.651867e-04
3.600000e+01 1.055120e-03 1.296815e-04
4.300000e+01 1.206974e-03 9.428177e-05
5.000000e+01 1.080223e-03 8.774357e-05
5.700000e+01 1.029277e-03 8.564935e-05
6.400000e+01 1.257706e-03 1.057474e-04
7.100000e+01 1.500158e-03 1.525113e-04
7.800000e+01 1.743828e-03 2.669971e-04
1.060000e+02 -8.333152e-05 8.824865e-05
1.130000e+02 7.097447e-05 7.029628e-05
1.200000e+02 1.631946e-04 5.893567e-05
1.270000e+02 2.958089e-04 5.165279e-05
1.340000e+02 2.660882e-04 5.038346e-05
1.410000e+02 3.633845e-04 4.678831e-05
1.480000e+02 3.720829e-04 5.275242e-05
1.550000e+02 5.307633e-04 1.516552e-04
1.620000e+02 5.713348e-04 3.474937e-04
1.690000e+02 5.235604e-04 5.031373e-04
