2682	4       2	    4.492e-04   2.947e-05
2682	1.9     0.3	    4.492e-04   2.947e-05
1041	1.77    0.3	    2.037e-04   4.271e-05
1041	2.55    0.5	    2.037e-04   4.271e-05
1298    19      7	    1.827e-03   1.087e-04
1298    27      10	    1.827e-03   1.087e-04
777	    13.2    2	    1.532e-03   3.964e-05
777	    17.4    3.6	    1.532e-03   3.964e-05
777	    29.0    9.0	    1.532e-03   3.964e-05
3839	13.2    2	    1.521e-03   3.468e-05
3839	17.4    3.6	    1.521e-03   3.468e-05
3839	29.9    9.0	    1.562e-03   3.541e-05
3531    7       7	    1.171e-04   2.539e-05
4963	3	    3	    2.132e-04   2.919e-05
3061	0.8	    0.8	    7.200e-05   8.141e-05
1680    13.5    1.2 	1.503e-03   1.223e-04
1680    16.9    2.4 	1.503e-03   1.223e-04
5180    9.6     1.3 	9.115e-04   1.762e-04
5180    8.4     1.0 	9.115e-04   1.762e-04
5180    10.45   2.2 	9.115e-04   1.762e-04
5180    7.5     3.0 	9.115e-04   1.762e-04
6180    0.8     0.5	    8.650e-05   2.442e-05
6790    0.6     0.4	    -3.849e-05  3.008e-05
